[[[255 255 255]
  [255 255 255]
  [205 213 225]
  ...
  [205 213 225]
  [255 255 255]
  [255 255 255]]

 [[255 255 255]
  [148 164 192]
  [ 38  80 142]
  ...
  [ 38  80 142]
  [148 164 192]
  [255 255 255]]

 [[202 210 223]
  [ 38  80 142]
  [ 25  69 133]
  ...
  [ 25  69 133]
  [ 38  80 142]
  [202 210 223]]

 ...

 [[220 225 233]
  [ 45  82 144]
  [ 27  69 133]
  ...
  [ 27  69 133]
  [ 45  82 144]
  [220 225 233]]

 [[255 255 255]
  [184 194 212]
  [ 48  84 146]
  ...
  [ 48  84 146]
  [184 194 212]
  [255 255 255]]

 [[255 255 255]
  [255 255 255]
  [233 236 242]
  ...
  [233 236 242]
  [255 255 255]
  [255 255 255]]]